X1=[51.88 32.55 15.57
    7.76 70.93 21.31
    37.14 32.45 30.31 
    37.87 43.19 18.94
    41.24 35.12 23.64];
X2=[44.94 34.59 20.47
    6.22 65.96 27.82
    16.09 31.22 52.69
    34.20 43.32 22.48 
    21.08 42.14 36.78];
X3=[25.95 39.15 34.90
    6.44 57.06 36.50
    6.54 24.68 68.78
    16.13 42.18 41.69
    15.03 35.96 49.01];

  